0.0020899999961257	2018	2024.7
0.230831000000238	2015	2024.22
0.368141999997199	2039	2024.96
0.402229999996722	2027	2025.06
0.439475999996066	2019	2024.75
0.472872000001371	2032	2025.12
0.737233999997377	2018	2024.76
0.792596000000834	2022	2024.62
0.828218999996781	2013	2024.04
0.861597999997437	2022	2023.94
0.892457999996841	2022	2023.84
0.925013999998569	2023	2023.8
0.964567000001669	2022	2023.71
0.997405999995768	2023	2023.67
1.02947900000215	2022	2023.59
1.06156399999559	2026	2023.71
1.09229100000113	2029	2023.98
1.12245099999756	2027	2024.13
1.15471400000155	2029	2024.37
1.18858900000155	2027	2024.5
1.42668400000036	2023	2024.43
1.55845099999756	2021	2024.26
1.59367899999768	2021	2024.09
1.62541099999845	2025	2024.14
1.65942799999565	2022	2024.03
1.69510099999607	2022	2023.93
1.72991399999708	2023	2023.88
1.76005799999833	2021	2023.74
1.79166499999911	2020	2023.55
1.8336819999963	2019	2023.32
1.86652799999714	2019	2023.11
1.89896099999547	2017	2022.8
1.93135700000077	2023	2022.81
1.96337200000137	2025	2022.92
1.99754999999702	2023	2022.93
2.02901399999857	2027	2023.13
2.06090599999577	2016	2022.77
2.09319600000232	2019	2022.58
2.12300400000066	2028	2022.86
2.15506199999899	2028	2023.11
2.1868919999972	2032	2023.56
2.21673699999601	2029	2023.83
2.2472880000025	2023	2023.79
2.27896999999881	2023	2023.75
2.30984499999881	2019	2023.51
2.34370499999821	2018	2023.24
2.37522100000083	2025	2023.32
2.40779199999571	2030	2023.66
2.44210899999738	2019	2023.42
2.47570399999619	2022	2023.35
2.50939400000125	2027	2023.54
2.54314899999648	2021	2023.41
2.57773299999535	2019	2023.19
2.61161800000072	2010	2022.53
2.64462099999934	2027	2022.75
2.67811299999803	2027	2022.96
2.72693500000238	2030	2023.32
2.77683200000227	2022	2023.25
2.82685799999535	2021	2023.14
2.87692700000107	2031	2023.53
2.92693599999696	2023	2023.5
2.97707299999893	2023	2023.48
3.02713099999726	2019	2023.26
3.07713799999654	2023	2023.24
3.12702300000191	2019	2023.03
3.17693500000238	2020	2022.88
3.22680900000036	2018	2022.63
3.27688599999994	2025	2022.75
3.32686800000072	2027	2022.97
3.37686500000209	2020	2022.82
3.42664100000262	1782	2010.78
3.47688300000131	2064	2013.44
3.52686500000209	2035	2014.52
3.57578700000048	2022	2014.89
3.62698900000006	1936	2010.95
3.6757519999966	2054	2013.1
3.72575999999791	2029	2013.89
3.77684399999678	2191	2022.75
3.82606000000238	2043	2023.76
3.87691200000048	2021	2023.62
3.92693899999559	2022	2023.54
3.97576999999583	2030	2023.86
4.02690500000119	2023	2023.82
4.07699300000071	2022	2023.73
4.12594099999964	1970	2021.04
4.17548900000006	2043	2022.14
4.22523600000143	2030	2022.53
4.27585599999875	1968	2019.81
4.32529500000179	2041	2020.87
4.37528299999982	2032	2021.42
4.42589299999922	2353	2038
4.47549599999934	2043	2038.25
4.52534200000018	2032	2037.94
4.57535099999607	2027	2037.39
4.62750599999726	1980	2034.52
4.67530200000107	2031	2034.35
4.72578000000119	2023	2033.78
4.77525999999791	2023	2033.24
4.82528299999982	2031	2033.13
4.87541399999708	2029	2032.92
4.92581899999827	2021	2032.33
4.9753900000006	1970	2029.21
5.02594600000232	2038	2029.65
5.07557499999553	2022	2029.27
5.12486500000209	2015	2028.55
5.17549199999869	2020	2028.13
5.22527099999785	2021	2027.77
5.27539699999988	2023	2027.53
5.32537200000137	2023	2027.3
5.37545600000024	2019	2026.89
5.42548299999535	2021	2026.59
5.47526900000125	2026	2026.57
5.52543699999899	2030	2026.74
5.57536400000006	2023	2026.55
5.62557599999756	2021	2026.27
5.67499300000072	2023	2026.11
5.72501900000125	2023	2025.95
5.77523299999535	2025	2025.91
5.82509600000083	2022	2025.71
5.87506599999964	2027	2025.77
5.92510000000149	2027	2025.84
5.97560400000215	2028	2025.94
6.02502399999648	2021	2025.7
6.07476399999857	2022	2025.51
6.12510099999607	2015	2024.99
6.17486299999803	2019	2024.69
6.22501999999583	2025	2024.7
6.27541600000113	2025	2024.72
6.32491399999708	2022	2024.58
6.37483200000227	2022	2024.45
6.4256269999966	2025	2024.48
6.47506399999559	2022	2024.36
6.52528099999577	2018	2024.04
6.57532299999893	2014	2023.54
6.62481499999762	2020	2023.36
6.67480099999905	2023	2023.34
6.72542000000179	2019	2023.12
6.77519799999893	2022	2023.07
6.82541600000113	2025	2023.16
6.87517099999636	2022	2023.11
6.92508999999613	2022	2023.05
6.97492199999839	2021	2022.95
7.02464100000262	2021	2022.85
7.07514499999583	2026	2023.01
7.12517300000042	2017	2022.71
7.17487299999595	2025	2022.82
7.22451200000197	2022	2022.78
7.2751969999969	2020	2022.64
7.32490500000119	2027	2022.86
7.37448299999535	2022	2022.82
7.4249299999997	2023	2022.83
7.47461699999869	2029	2023.13
7.52517700000107	2026	2023.28
7.57477199999988	2027	2023.46
7.6248200000003	2019	2023.24
7.67477799999714	2025	2023.33
7.72464499999583	2018	2023.06
7.77472900000215	2022	2023.01
7.8246950000003	2020	2022.86
7.87447800000012	2020	2022.72
7.92491200000048	2022	2022.68
7.97483999999613	2021	2022.6
8.02483100000024	2019	2022.42
8.07481700000167	2023	2022.45
8.1246630000025	2025	2022.57
8.17447999999672	2018	2022.34
8.22427099999785	2017	2022.08
8.27484499999881	2019	2021.92
8.40639899999648	2023	2021.98
8.45743800000101	2020	2021.88
8.48967300000042	2023	2021.93
8.52183599999547	2022	2021.94
8.55361199999601	2018	2021.74
8.58388599999994	2022	2021.75
8.62400100000203	2019	2021.62
8.67484300000221	2023	2021.69
8.72491200000048	2017	2021.45
8.77485199999809	2018	2021.28
8.82467700000107	2021	2021.26
8.87467799999565	2023	2021.35
8.92395099999756	2017	2021.13
8.97465299999714	2020	2021.08
9.02474000000209	2026	2021.32
9.07387299999595	2026	2021.56
9.12454399999976	2019	2021.43
9.17442000000179	2019	2021.31
9.22461299999803	2023	2021.39
9.27477799999714	2018	2021.22
9.32459799999744	2026	2021.46
9.37413799999654	2023	2021.54
9.4245719999969	2019	2021.41
9.47405200000107	2018	2021.24
9.52448799999803	2018	2021.08
9.57386100000143	2020	2021.02
9.62426600000262	2018	2020.87
9.67458299999684	2021	2020.88
9.72393699999899	2021	2020.89
9.77433799999952	2021	2020.89
9.82395700000226	2015	2020.6
9.87445199999958	2023	2020.72
9.92505399999768	2020	2020.68
9.97382800000161	2017	2020.5
10.023561999999	2021	2020.52
10.0743980000019	2019	2020.45
10.1241209999993	2025	2020.67
10.1740920000002	2021	2020.69
10.2240419999957	2023	2020.81
10.2742129999995	2021	2020.82
10.3241469999999	2031	2021.32
10.3740340000018	2019	2021.21
10.4239759999961	2021	2021.2
10.4746299999952	2021	2021.19
10.5245969999954	2019	2021.08
10.574313000001	2021	2021.07
10.6240810000002	2022	2021.12
10.6738379999995	2023	2021.22
10.7237400000021	2025	2021.4
10.7738509999961	2023	2021.48
10.8237669999972	2021	2021.46
10.873810999997	2011	2020.94
10.923875	2018	2020.79
10.9739010000005	2018	2020.65
11.0237409999967	2021	2020.67
11.0735759999976	2019	2020.58
11.1238519999981	2017	2020.41
11.1739149999991	2023	2020.54
11.2236950000003	2021	2020.56
11.2738589999974	2025	2020.78
11.3237400000021	2017	2020.59
11.3741660000011	2017	2020.41
11.4242479999959	2022	2020.49
11.4744039999992	2022	2020.57
11.5236909999996	2021	2020.59
11.5742829999998	2017	2020.41
11.6233280000016	2019	2020.34
11.6734659999982	2019	2020.27
11.7237060000002	2028	2020.66
11.7739050000012	2018	2020.52
11.8242919999957	2026	2020.8
11.8735380000025	2017	2020.61
11.9237479999959	2022	2020.68
11.973987999998	2017	2020.49
12.0237559999973	2018	2020.37
12.0734659999982	2017	2020.2
12.1244209999964	2017	2020.04
12.1740019999966	2025	2020.29
12.2239570000023	2031	2020.82
12.2738980000019	2014	2020.48
12.3238669999987	2019	2020.41
12.3738460000008	2018	2020.29
12.4240890000015	2017	2020.12
12.4732889999971	2019	2020.07
12.5233489999995	2018	2019.96
12.5732030000016	2019	2019.92
12.6240329999998	2017	2019.77
12.6741150000021	2023	2019.93
12.7316920000017	2027	2020.29
12.7905859999955	2022	2020.37
12.8403489999995	2018	2020.25
12.8899189999998	2018	2020.14
12.9358259999976	2026	2020.43
12.9773369999975	2014	2020.11
13.0234209999964	2017	2019.96
13.0738559999987	2010	2019.46
13.1231319999993	2025	2019.73
13.1735560000017	2022	2019.85
13.2235930000022	2026	2020.16
13.2738159999996	2017	2020
13.3241049999967	2021	2020.05
13.5073859999999	2023	2020.2
13.550060999997	2012	2019.79
13.5868729999959	2023	2019.95
13.6247320000008	2021	2020
13.6646159999967	2019	2019.95
13.7050209999979	2020	2019.95
13.743561999999	2023	2020.1
13.7798910000026	2019	2020.05
13.8207990000024	2030	2020.55
13.8613079999983	2019	2020.47
13.902313000001	2018	2020.35
13.9466150000021	2032	2020.93
13.9856469999999	2020	2020.88
14.0258049999997	2014	2020.54
14.0728959999979	2027	2020.86
14.1230109999999	2017	2020.67
14.1729399999976	2014	2020.33
14.2229649999961	2026	2020.62
14.2730279999971	2029	2021.04
14.3236579999998	2019	2020.93
14.3736290000007	2017	2020.74
14.4236209999993	2014	2020.4
14.4735729999989	2022	2020.48
14.5228249999955	2017	2020.31
14.5736019999981	2021	2020.34
14.6239219999984	2024	2020.52
14.6736719999984	2027	2020.85
14.7233680000007	2015	2020.56
14.7735909999982	2020	2020.53
14.8227840000018	2021	2020.55
14.872938000001	2018	2020.42
14.9227100000009	2013	2020.05
14.9740969999954	2021	2020.1
